Data/BaseData/
2000000
2000002
2000003
2000004
2000005
2000006
2000007
2000008
2000009
2000010
2000011
2000012
2000013
2000020
2000021
2000022
2000023
2000024
2000025
2000026
2000027
2000028
2000029
2000030
2000031
2000032
2000033
2000034
2000035
2000036
2000037
2000038
2000039
2000040
3000000
3000001
3000002
3000003
3000004
3000005
3000006
3000007
3000008
3000010
3000011
3000012
3000013
3000020
3000021
3000022
3000025
3000026
3000030
4000000
4000001
4000002
4000003
4000004
4000005
4000006
4000007
4000008
4000009
4000010
4000011
4000012
5000000
5000001
5000002
5000003
5000004
5000005
5000006
5000007
5000008
5000009
5000010
5000011
5000012

Data/BaseData/A_machine3/
3000051
3000052
3000053
3000054
3000055
3000056
3000057
3000058
3000059
3000060
3000061
3000062
3000063
3000064
3000065
3000066
3000067
3000068
3000069
3000070
3000071
3000072
3000073
3000074
3000075
3000076
3000077
3000078
3000079
3000080
3000081
3000082
3000083
3000084
3000085
3000086
3000087
3000088
3000090
3000091
3000092
3000093
3000094
3000095
3000096
3000100
3000101
3000102
3000103
3000104
3000105
3000106
3000107
3000108
3000109
3000110
3000111
3000112
3000113
3000114
3000115
3000116
3000117
3000118
3000119
3000120
3000121
3000122
3000123

Data/BaseData/A_machine4/
4000040
4000041
4000042
4000043
4000044
4000045
4000046
4000047
4000048
4000049
4000051
4000052
4000053
4000054
4000055
4000056
4000057
4000058
4000059
4000060
4000061
4000062
4000063
4000064
4000065
4000066
4000067
4000068
4000069
4000070
4000071
4000072
4000073
4000074
4000075
4000076
4000078
4000079
4000080
4000081
4000082
4000083
4000084
4000086
4000087
4000088
4000089
4000090
4000091
4000092
4000093
4000094
4000095
4000096
4000097
4000098
4000100
4000101
4000102
4000103
4000104
4000105
4000106
4000107
4000108
4000109
4000110

Data/BaseData/A_machine5/
5000040
5000041
5000042
5000043
5000044
5000045
5000046
5000047
5000048
5000049
5000050
5000051
5000052
5000053
5000054
5000055
5000056
5000057
5000058
5000059
5000060
5000061
5000062
5000063
5000064
5000065
5000066
5000067
5000068
5000069
5000070
5000071
5000072
5000073
5000074
5000075
5000076
5000077
5000078
5000079
5000080
5000081
5000082
5000083
5000084
5000085
5000086
5000087
5000088
5000089
5000090
5000091
5000092
5000093
5000094
5000095
5000096
5000097
5000098
5000099
5000100
5000101
5000102
5000103
5000104
5000105
5000106
5000107
5000108
5000109
5000110
5000111

Data/Plan1/
3000130
3000131
3000132
3000135
3000136
3000137
4000111
4000112
4000113
4000114
4000115
4000116
4000117
4000118
5000112
5000113
5000114
5000115
5000116
5000117

Data/Plan2/
3000133
3000134
3000140
3000141
3000142
3000143
3000144
3000145
4000120
4000121
4000122
4000123
4000124
4000125
5000120
5000121
5000122
5000123
5000124
5000125

Data/Plan3/
3000146
3000147
3000148
3000149
3000152
3000153
3000154
3000155
3000156
4000127
4000128
4000129
4000130
4000131
4000132
4000133
4000134
4000135
5000131
5000133
5000135
5000136
5000137
5000138
5000139
5000140
5000141