Data/A_machine5/
5000040
5000041
5000042
5000043
5000044
5000045
5000046
5000047
5000048
5000049
5000050
5000051
5000052
5000053
5000054
5000055
5000056
5000057
5000058
5000059
5000060
5000061
5000062
5000063
5000064
5000065
5000066
5000067
5000068
5000069
5000070
5000071
5000072
5000073
5000074
5000075
5000076
5000077
5000078
5000079
5000080
5000081
5000082
5000083
5000084
5000085
5000086
5000087
5000088
5000089
5000090
5000091
5000092
5000093
5000094
5000095
5000096
5000097
5000098
5000099
5000100
5000101
5000102
5000103
5000104
5000105
5000106
5000107
5000108
5000109
5000110
5000111